   ﻿
     * Accueil
     * Quinté +
     * Pick 5
     * Resultat Pmu
     * Hier
     * Vidéos
     * Infos
     * GNT
     * Trophée Vert

“Resultat PMU de mardi 10 octobre 2017 ”

Resultat pmu de mardi 10 octobre 2017

   Resultat pmu des courses hippiques de mardi 10 octobre 2017

Mardi 10 Octobre 2017

   CAPTION: RÉUNION 1 - SAINT-CLOUD
   Plat - Programme [pdf.gif]

                Course                      Résultat Pmu
   1ère                             2-7-3-5-6
   2ème                             8-5-2-7-4
   3ème - Quinté + [quinte-ico.png] 11-14-5-13-4
   4ème - Pick 5 [pick5-ico.png]    7-8-13-3-10 Non partants: 4-5-18
   5ème                             8-1-3-2-10
   6ème - Pick 5 [pick5-ico.png]    7-4-8-6-14 Non partant: 10
   7ème                             15-11-3/8-2-13
   8ème                             10-12-13-17-16
   [INS: :INS]

   CAPTION: RÉUNION 2 - BORDEAUX LE-BOUSCAT
   Plat et Obstacle (Haies et Steeple-Chase) - Programme [pdf.gif]

   Course Résultat Pmu
   1ère   4-3-1-2-6
   2ème   5-4-7-3-2
   3ème   8-5-9-4-3
   4ème   3-2-4-5-1
   5ème   7-5-1-2-4
   6ème   7-10-9-5-6
   7ème   1-5-6-4-3
   8ème   11-8-5-3-2
   [INS: :INS]

   CAPTION: RÉUNION 3 - AVENCHES (Suisse)
   Plat

   Course Résultat Pmu
   2ème   1-2-4-5-3
   3ème   4-1-7-11-5
   4ème   14-5-7-4-13
   5ème   6-1-2-4-5
   6ème   3-2-6-5-1

   CAPTION: RÉUNION 4 - MONS GHLIN (Belgique)
   Trot Attelé

   Course Résultat Pmu
   1ère   14-2-9-5-6
   2ème   14-7-8-4-10
   3ème   6-14-9-5-15
   4ème   8-1-6-7-14
   5ème   11-13-6-8-4
   6ème   7-6-11-10-9
   7ème   9-8-6-7-1
   8ème   8-6-3-2-1

   CAPTION: RÉUNION 5 - NEWCASTLE (Grande-Bretagne)
   Plat

   Course Résultat Pmu
   1ère   5-4-9-8-2
   2ème   10-3-6-2-11
   3ème   2-5-9-6-1

   CAPTION: RÉUNION 6 - VINCENNES
   Trot Attelé et Monté - Programme [pdf.gif]

               Course            Résultat Pmu
   1ère                          9-6-8-1-5
   2ème - Pick 5 [pick5-ico.png] 3-5-4-12-1
   3ème - Pick 5 [pick5-ico.png] 5-1-3-10-4
   4ème                          9-1-6-4-8
   5ème                          1-14-4-3-6
   6ème                          7-8-5-3-2
   7ème                          10-8-6-5-4
   8ème                          15-12-6-4-9

                                 Calendrier

   Août 2019
   01 02 03 04 05
   06 07 08 09 10
   11 12 13 14 15
   16 17 18 19 20
   21 22 23 24 25
   26 27 28 29 30
   31

   Juillet 2019
   01 02 03 04 05
   06 07 08 09 10
   11 12 13 14 15
   16 17 18 19 20
   21 22 23 24 25
   26 27 28 29 30
   31

   Juin 2019
   01 02 03 04 05
   06 07 08 09 10
   11 12 13 14 15
   16 17 18 19 20
   21 22 23 24 25
   26 27 28 29 30


   Mai 2019
   01 02 03 04 05
   06 07 08 09 10
   11 12 13 14 15
   16 17 18 19 20
   21 22 23 24 25
   26 27 28 29 30
   31

   Avril 2019
   01 02 03 04 05
   06 07 08 09 10
   11 12 13 14 15
   16 17 18 19 20
   21 22 23 24 25
   26 27 28 29 30


   Mars 2019
   01 02 03 04 05
   06 07 08 09 10
   11 12 13 14 15
   16 17 18 19 20
   21 22 23 24 25
   26 27 28 29 30
   31

   Février 2019
   01 02 03 04 05
   06 07 08 09 10
   11 12 13 14 15
   16 17 18 19 20
   21 22 23 24 25
   26 27 28


   Janvier 2019
   01 02 03 04 05
   06 07 08 09 10
   11 12 13 14 15
   16 17 18 19 20
   21 22 23 24 25
   26 27 28 29 30
   31

   Décembre 2018
   01 02 03 04 05
   06 07 08 09 10
   11 12 13 14 15
   16 17 18 19 20
   21 22 23 24 25
   26 27 28 29 30
   31

   Novembre 2018
   01 02 03 04 05
   06 07 08 09 10
   11 12 13 14 15
   16 17 18 19 20
   21 22 23 24 25
   26 27 28 29 30


   Octobre 2018
   01 02 03 04 05
   06 07 08 09 10
   11 12 13 14 15
   16 17 18 19 20
   21 22 23 24 25
   26 27 28 29 30
   31

   Septembre 2018
   01 02 03 04 05
   06 07 08 09 10
   11 12 13 14 15
   16 17 18 19 20
   21 22 23 24 25
   26 27 28 29 30


   Août 2018
   01 02 03 04 05
   06 07 08 09 10
   11 12 13 14 15
   16 17 18 19 20
   21 22 23 24 25
   26 27 28 29 30
   31

   Juillet 2018
   01 02 03 04 05
   06 07 08 09 10
   11 12 13 14 15
   16 17 18 19 20
   21 22 23 24 25
   26 27 28 29 30
   31

   Juin 2018
   01 02 03 04 05
   06 07 08 09 10
   11 12 13 14 15
   16 17 18 19 20
   21 22 23 24 25
   26 27 28 29 30

   Mai 2018
   01 02 03 04 05
   06 07 08 09 10
   11 12 13 14 15
   16 17 18 19 20
   21 22 23 24 25
   26 27 28 29 30
   31

   Avril 2018
   01 02 03 04 05
   06 07 08 09 10
   11 12 13 14 15
   16 17 18 19 20
   21 22 23 24 25
   26 27 28 29 30


   Mars 2018
   01 02 03 04 05
   06 07 08 09 10
   11 12 13 14 15
   16 17 18 19 20
   21 22 23 24 25
   26 27 28 29 30
   31

   Février 2018
   01
   02 03 04 05
   06 07 08 09 10
   11 12 13 14 15
   16 17 18 19 20
   21 22 23 24 25
   26 27 28


   Janvier 2018
   01 02 03 04 05
   06 07 08 09 10
   11 12 13 14 15
   16 17 18 19 20
   21 22 23 24 25
   26 27 28 29 30
   31

   Décembre 2017
   01 02 03 04 05
   06 07 08 09 10
   11 12 13 14 15
   16 17 18 19 20
   21 22 23 24 25
   26 27 28 29 30
   31

   Novembre 2017
   01 02 03 04 05
   06 07 08 09 10
   11 12 13 14 15
   16 17 18 19 20
   21 22 23 24 25
   26 27 28 29 30


   Octobre 2017
   01 02 03 04 05
   06 07 08 09 10
   11 12 13 14 15
   16 17 18 19 20
   21 22 23 24 25
   26 27 28 29 30
   31

   Septembre 2017
   01 02 03 04 05
   06 07 08 09 10
   11 12 13 14 15
   16 17 18 19 20
   21 22 23 24 25
   26 27 28 29 30


   Août 2017
   01 02 03 04 05
   06 07 08 09 10
   11 12 13 14 15
   16 17 18 19 20
   21 22 23 24 25
   26 27 28 29 30
   31

   Juillet 2017
   01 02 03 04 05
   06 07 08 09 10
   11 12 13 14 15
   16 17 18 19 20
   21 22 23 24 25
   26 27 28 29 30
   31

   Juin 2017
   01 02 03 04
   05
   06 07 08 09 10
   11 12 13 14 15
   16 17 18 19 20
   21 22 23 24 25
   26 27 28 29 30


   Mai 2017
   01 02 03 04 05
   06 07 08 09 10
   11 12 13 14 15
   16 17 18 19 20
   21 22 23 24 25
   26 27 28 29 30
   31

   Avril 2017
   01 02 03 04 05
   06 07 08 09 10
   11 12 13 14 15
   16 17 18 19 20
   21 22 23 24 25
   26 27 28 29 30


   Mars 2017
   01 02 03 04 05
   06 07 08 09 10
   11 12 13 14 15
   16 17 18 19 20
   21 22 23 24 25
   26 27 28 29 30
   31

   Février 2017
   01
   02 03 04 05
   06 07 08 09 10
   11 12 13 14 15
   16 17 18 19 20
   21 22 23 24 25
   26 27 28


   Janvier 2017
   01 02 03 04 05
   06 07 08
   09 10
   11 12 13 14 15
   16 17 18 19 20
   21 22 23 24 25
   26 27 28 29 30
   31

   Décembre 2016
   01 02 03 04 05
   06 07 08 09 10
   11 12 13 14 15
   16 17 18 19 20
   21 22 23 24 25
   26 27 28 29 30
   31

   Novembre 2016
   01 02 03 04 05
   06 07 08 09 10
   11 12 13 14 15
   16 17 18 19 20
   21 22 23 24 25
   26 27 28 29 30


   Octobre 2016
   01 02 03 04 05
   06 07 08 09 10
   11 12 13 14 15
   16 17 18 19 20
   21 22 23 24 25
   26 27 28 29 30
   31

   Septembre 2016
   01 02 03 04 05
   06 07 08 09 10
   11 12 13 14 15
   16 17 18 19 20
   21 22 23 24 25
   26 27 28 29 30


   Août 2016
   01 02 03 04 05
   06 07 08 09 10
   11 12 13 14 15
   16 17 18 19 20
   21 22 23 24 25
   26 27 28 29 30
   31

   Juillet 2016
   01 02 03 04 05
   06 07 08 09 10
   11 12 13 14 15
   16 17 18 19 20
   21 22 23 24 25
   26 27 28 29 30
   31

   Juin 2016
   01 02 03 04 05
   06 07 08 09 10
   11 12 13 14 15
   16 17 18 19 20
   21 22 23 24 25
   26 27 28 29 30


   Mai 2016
   01 02 03 04 05
   06 07 08 09 10
   11 12 13 14 15
   16 17 18 19 20
   21 22 23 24 25
   26 27 28 29 30
   31

   Avril 2016
   01 02 03 04 05
   06 07 08 09 10
   11 12 13 14 15
   16 17 18 19 20
   21 22 23 24 25
   26 27 28 29 30

Publicité

   ﻿

   © Resultat-pmu.fr 2009 2010 2011 2012 2013 2014 2015 2016 2017 2018
   2019
   | Quinté + 2018 | Pick 5 | Suivre resultatpmu sur Twitter | Google Plus
   | Facebook | Chaine Youtube de Resultat pmu | Le bon coin | Hit-Parade
   | Resultat Football | Quinté + 2017 | Quinté + 2018
   ﻿
     * Accueil
     * Quinté +
     * Pick 5
     * Resultat Pmu
     * Hier
     * Vidéos
     * Infos
     * GNT
     * Trophée Vert

“Resultat PMU de mercredi 11 octobre 2017 ”

Resultat pmu de mercredi 11 octobre 2017

   Resultat pmu des courses hippiques de mercredi 11 octobre 2017

Mercredi 11 Octobre 2017

   CAPTION: RÉUNION 1 - ENGHIEN
   Trot Attelé et Monté - Programme [pdf.gif]

                Course                    Résultat Pmu
   1ère - Quinté + [quinte-ico.png] 2-15-5-13-9
   2ème                             8-17-5-6-11
   3ème - Pick 5 [pick5-ico.png]    12-13-7-10-3 Non partant: 8
   4ème                             13-3-2-11-1
   5ème                             2-5-10-7-4
   6ème                             4-6-1-8-5
   7ème                             4-2-6-7-11
   8ème - Pick 5 [pick5-ico.png]    13-2-1-16-15 Non partant: 14
   [INS: :INS]

   CAPTION: RÉUNION 2 - WOLVEGA (Pays-Bas)
   Trot Attelé

   Course Résultat Pmu
   1ère   7-5-1-2
   2ème   1-5-4-6-9
   3ème   10-11-3-6-4
   4ème   9-12-10-7-11
   5ème   1-3-10-7-11
   [INS: :INS]

   CAPTION: RÉUNION 3 - CHANTILLY
   Plat - Programme [pdf.gif]

               Course            Résultat Pmu
   1ère                          5-1-4-9-10
   2ème                          2-1-10-4-3
   3ème                          2-5-6-8-4
   4ème                          1-10-14-7-12
   5ème                          12-9-1-10-6
   6ème - Pick 5 [pick5-ico.png] 9-4-13-11-2
   7ème                          6-12-13-5-7
   8ème - Pick 5 [pick5-ico.png] 7-9-5-15-3

   CAPTION: RÉUNION 4 - TOULOUSE LA-CÉPIÈRE
   Plat et Obstacle (Haies) - Programme [pdf.gif]

   Course Résultat Pmu
   1ère   3-9-1-11-8
   2ème   1-3-5-6-4
   3ème   1-2-6-5-3
   4ème   3-2-7-4-10
   5ème   10-5-1-7-2
   6ème   2-8-5-6-10
   7ème   6-4-5-7-3
   8ème   3-2-1-5-6

   CAPTION: RÉUNION 5 - NOTTINGHAM (Grande-Bretagne)
   Plat

   Course Résultat Pmu
   7ème   5-9-11-7-1
   8ème   1-6-14-2-11

   CAPTION: RÉUNION 6 - KEMPTON PARK (Grande-Bretagne)
   Plat

   Course Résultat Pmu
   2ème   7-12-8-9-4
   3ème   12-2-9-3-7
   4ème   8-5-11-6-3
   5ème   6-13-3-7-14
   6ème   2-4-8-1-3
   7ème   1-5-3-11-7

   CAPTION: RÉUNION 7 - MARSEILLE BORÉLY
   Trot Attelé - Programme [pdf.gif]

   Course Résultat Pmu
   5ème   14-1-11-9-4

                                 Calendrier

   Août 2019
   01 02 03 04 05
   06 07 08 09 10
   11 12 13 14 15
   16 17 18 19 20
   21 22 23 24 25
   26 27 28 29 30
   31

   Juillet 2019
   01 02 03 04 05
   06 07 08 09 10
   11 12 13 14 15
   16 17 18 19 20
   21 22 23 24 25
   26 27 28 29 30
   31

   Juin 2019
   01 02 03 04 05
   06 07 08 09 10
   11 12 13 14 15
   16 17 18 19 20
   21 22 23 24 25
   26 27 28 29 30


   Mai 2019
   01 02 03 04 05
   06 07 08 09 10
   11 12 13 14 15
   16 17 18 19 20
   21 22 23 24 25
   26 27 28 29 30
   31

   Avril 2019
   01 02 03 04 05
   06 07 08 09 10
   11 12 13 14 15
   16 17 18 19 20
   21 22 23 24 25
   26 27 28 29 30


   Mars 2019
   01 02 03 04 05
   06 07 08 09 10
   11 12 13 14 15
   16 17 18 19 20
   21 22 23 24 25
   26 27 28 29 30
   31

   Février 2019
   01 02 03 04 05
   06 07 08 09 10
   11 12 13 14 15
   16 17 18 19 20
   21 22 23 24 25
   26 27 28


   Janvier 2019
   01 02 03 04 05
   06 07 08 09 10
   11 12 13 14 15
   16 17 18 19 20
   21 22 23 24 25
   26 27 28 29 30
   31

   Décembre 2018
   01 02 03 04 05
   06 07 08 09 10
   11 12 13 14 15
   16 17 18 19 20
   21 22 23 24 25
   26 27 28 29 30
   31

   Novembre 2018
   01 02 03 04 05
   06 07 08 09 10
   11 12 13 14 15
   16 17 18 19 20
   21 22 23 24 25
   26 27 28 29 30


   Octobre 2018
   01 02 03 04 05
   06 07 08 09 10
   11 12 13 14 15
   16 17 18 19 20
   21 22 23 24 25
   26 27 28 29 30
   31

   Septembre 2018
   01 02 03 04 05
   06 07 08 09 10
   11 12 13 14 15
   16 17 18 19 20
   21 22 23 24 25
   26 27 28 29 30


   Août 2018
   01 02 03 04 05
   06 07 08 09 10
   11 12 13 14 15
   16 17 18 19 20
   21 22 23 24 25
   26 27 28 29 30
   31

   Juillet 2018
   01 02 03 04 05
   06 07 08 09 10
   11 12 13 14 15
   16 17 18 19 20
   21 22 23 24 25
   26 27 28 29 30
   31

   Juin 2018
   01 02 03 04 05
   06 07 08 09 10
   11 12 13 14 15
   16 17 18 19 20
   21 22 23 24 25
   26 27 28 29 30

   Mai 2018
   01 02 03 04 05
   06 07 08 09 10
   11 12 13 14 15
   16 17 18 19 20
   21 22 23 24 25
   26 27 28 29 30
   31

   Avril 2018
   01 02 03 04 05
   06 07 08 09 10
   11 12 13 14 15
   16 17 18 19 20
   21 22 23 24 25
   26 27 28 29 30


   Mars 2018
   01 02 03 04 05
   06 07 08 09 10
   11 12 13 14 15
   16 17 18 19 20
   21 22 23 24 25
   26 27 28 29 30
   31

   Février 2018
   01
   02 03 04 05
   06 07 08 09 10
   11 12 13 14 15
   16 17 18 19 20
   21 22 23 24 25
   26 27 28


   Janvier 2018
   01 02 03 04 05
   06 07 08 09 10
   11 12 13 14 15
   16 17 18 19 20
   21 22 23 24 25
   26 27 28 29 30
   31

   Décembre 2017
   01 02 03 04 05
   06 07 08 09 10
   11 12 13 14 15
   16 17 18 19 20
   21 22 23 24 25
   26 27 28 29 30
   31

   Novembre 2017
   01 02 03 04 05
   06 07 08 09 10
   11 12 13 14 15
   16 17 18 19 20
   21 22 23 24 25
   26 27 28 29 30


   Octobre 2017
   01 02 03 04 05
   06 07 08 09 10
   11 12 13 14 15
   16 17 18 19 20
   21 22 23 24 25
   26 27 28 29 30
   31

   Septembre 2017
   01 02 03 04 05
   06 07 08 09 10
   11 12 13 14 15
   16 17 18 19 20
   21 22 23 24 25
   26 27 28 29 30


   Août 2017
   01 02 03 04 05
   06 07 08 09 10
   11 12 13 14 15
   16 17 18 19 20
   21 22 23 24 25
   26 27 28 29 30
   31

   Juillet 2017
   01 02 03 04 05
   06 07 08 09 10
   11 12 13 14 15
   16 17 18 19 20
   21 22 23 24 25
   26 27 28 29 30
   31

   Juin 2017
   01 02 03 04
   05
   06 07 08 09 10
   11 12 13 14 15
   16 17 18 19 20
   21 22 23 24 25
   26 27 28 29 30


   Mai 2017
   01 02 03 04 05
   06 07 08 09 10
   11 12 13 14 15
   16 17 18 19 20
   21 22 23 24 25
   26 27 28 29 30
   31

   Avril 2017
   01 02 03 04 05
   06 07 08 09 10
   11 12 13 14 15
   16 17 18 19 20
   21 22 23 24 25
   26 27 28 29 30


   Mars 2017
   01 02 03 04 05
   06 07 08 09 10
   11 12 13 14 15
   16 17 18 19 20
   21 22 23 24 25
   26 27 28 29 30
   31

   Février 2017
   01
   02 03 04 05
   06 07 08 09 10
   11 12 13 14 15
   16 17 18 19 20
   21 22 23 24 25
   26 27 28


   Janvier 2017
   01 02 03 04 05
   06 07 08
   09 10
   11 12 13 14 15
   16 17 18 19 20
   21 22 23 24 25
   26 27 28 29 30
   31

   Décembre 2016
   01 02 03 04 05
   06 07 08 09 10
   11 12 13 14 15
   16 17 18 19 20
   21 22 23 24 25
   26 27 28 29 30
   31

   Novembre 2016
   01 02 03 04 05
   06 07 08 09 10
   11 12 13 14 15
   16 17 18 19 20
   21 22 23 24 25
   26 27 28 29 30


   Octobre 2016
   01 02 03 04 05
   06 07 08 09 10
   11 12 13 14 15
   16 17 18 19 20
   21 22 23 24 25
   26 27 28 29 30
   31

   Septembre 2016
   01 02 03 04 05
   06 07 08 09 10
   11 12 13 14 15
   16 17 18 19 20
   21 22 23 24 25
   26 27 28 29 30


   Août 2016
   01 02 03 04 05
   06 07 08 09 10
   11 12 13 14 15
   16 17 18 19 20
   21 22 23 24 25
   26 27 28 29 30
   31

   Juillet 2016
   01 02 03 04 05
   06 07 08 09 10
   11 12 13 14 15
   16 17 18 19 20
   21 22 23 24 25
   26 27 28 29 30
   31

   Juin 2016
   01 02 03 04 05
   06 07 08 09 10
   11 12 13 14 15
   16 17 18 19 20
   21 22 23 24 25
   26 27 28 29 30


   Mai 2016
   01 02 03 04 05
   06 07 08 09 10
   11 12 13 14 15
   16 17 18 19 20
   21 22 23 24 25
   26 27 28 29 30
   31

   Avril 2016
   01 02 03 04 05
   06 07 08 09 10
   11 12 13 14 15
   16 17 18 19 20
   21 22 23 24 25
   26 27 28 29 30

Publicité

   ﻿

   © Resultat-pmu.fr 2009 2010 2011 2012 2013 2014 2015 2016 2017 2018
   2019
   | Quinté + 2018 | Pick 5 | Suivre resultatpmu sur Twitter | Google Plus
   | Facebook | Chaine Youtube de Resultat pmu | Le bon coin | Hit-Parade
   | Resultat Football | Quinté + 2017 | Quinté + 2018
   ﻿
     * Accueil
     * Quinté +
     * Pick 5
     * Resultat Pmu
     * Hier
     * Vidéos
     * Infos
     * GNT
     * Trophée Vert

“Resultat PMU de jeudi 14 octobre 2017 ”

Resultat pmu de jeudi 14 octobre 2017

   Resultat pmu des courses hippiques de jeudi 14 octobre 2017

Jeudi 12 Octobre 2017

   CAPTION: RÉUNION 1 - LYON PARILLY
   Plat et Obstacle (Haies et Cross-Country) - Programme [pdf.gif]

                Course                   Résultat Pmu
   1ère                             5-1-2-4-8
   2ème                             1-2-5-6-3
   3ème                             1-5-2-4-3
   4ème - Quinté + [quinte-ico.png] 16-10-1-4-9
   5ème                             1-12-5-7-3
   6ème                             10-2-7-4-8
   7ème                             7-6-1-10-8
   8ème - Pick 5 [pick5-ico.png]    4-12-7-10-5 Non partant: 1
   9ème - Pick 5 [pick5-ico.png]    4-7-12-11-2
   [INS: :INS]

   CAPTION: RÉUNION 2 - BORDEAUX LE-BOUSCAT
   Plat - Programme [pdf.gif]

   Course Résultat Pmu
   1ère   5-1-3-7-6
   2ème   4-5-1-2-7
   3ème   10-6-8-2-1
   4ème   2-9-1-5-8
   5ème   2-10-6-12-3
   6ème   1-2-8-6-4
   7ème   6-7-5-3-14
   [INS: :INS]

   CAPTION: RÉUNION 3 - ENGHIEN
   Trot Attelé et Monté - Programme [pdf.gif]

               Course            Résultat Pmu
   1ère - Pick 5 [pick5-ico.png] 13-6-11-7-8
   2ème                          2-5-1-12-8
   3ème                          5-4-7-1-8
   4ème                          3-11-5-1-9
   5ème                          3-6-2-16-1
   6ème                          12-10-6-8-9
   7ème                          1-7-3/9-6-2
   8ème                          14-8-4-2-9

   CAPTION: RÉUNION 4 - LES SABLES D'OLONNE
   Trot Attelé et Monté - Programme [pdf.gif]

               Course            Résultat Pmu
   1ère - Pick 5 [pick5-ico.png] 2-7-16-9-18
   2ème                          2-13-15-6-9
   3ème                          7-9-5-2-11
   4ème                          18-12-7-16-13
   5ème                          18-11-5-7-8
   6ème                          12-1-9-8-13
   7ème                          15-7-14-8-6
   8ème                          9-15-10-4-17
   9ème                          7-9-1-8-11

                                 Calendrier

   Août 2019
   01 02 03 04 05
   06 07 08 09 10
   11 12 13 14 15
   16 17 18 19 20
   21 22 23 24 25
   26 27 28 29 30
   31

   Juillet 2019
   01 02 03 04 05
   06 07 08 09 10
   11 12 13 14 15
   16 17 18 19 20
   21 22 23 24 25
   26 27 28 29 30
   31

   Juin 2019
   01 02 03 04 05
   06 07 08 09 10
   11 12 13 14 15
   16 17 18 19 20
   21 22 23 24 25
   26 27 28 29 30


   Mai 2019
   01 02 03 04 05
   06 07 08 09 10
   11 12 13 14 15
   16 17 18 19 20
   21 22 23 24 25
   26 27 28 29 30
   31

   Avril 2019
   01 02 03 04 05
   06 07 08 09 10
   11 12 13 14 15
   16 17 18 19 20
   21 22 23 24 25
   26 27 28 29 30


   Mars 2019
   01 02 03 04 05
   06 07 08 09 10
   11 12 13 14 15
   16 17 18 19 20
   21 22 23 24 25
   26 27 28 29 30
   31

   Février 2019
   01 02 03 04 05
   06 07 08 09 10
   11 12 13 14 15
   16 17 18 19 20
   21 22 23 24 25
   26 27 28


   Janvier 2019
   01 02 03 04 05
   06 07 08 09 10
   11 12 13 14 15
   16 17 18 19 20
   21 22 23 24 25
   26 27 28 29 30
   31

   Décembre 2018
   01 02 03 04 05
   06 07 08 09 10
   11 12 13 14 15
   16 17 18 19 20
   21 22 23 24 25
   26 27 28 29 30
   31

   Novembre 2018
   01 02 03 04 05
   06 07 08 09 10
   11 12 13 14 15
   16 17 18 19 20
   21 22 23 24 25
   26 27 28 29 30


   Octobre 2018
   01 02 03 04 05
   06 07 08 09 10
   11 12 13 14 15
   16 17 18 19 20
   21 22 23 24 25
   26 27 28 29 30
   31

   Septembre 2018
   01 02 03 04 05
   06 07 08 09 10
   11 12 13 14 15
   16 17 18 19 20
   21 22 23 24 25
   26 27 28 29 30


   Août 2018
   01 02 03 04 05
   06 07 08 09 10
   11 12 13 14 15
   16 17 18 19 20
   21 22 23 24 25
   26 27 28 29 30
   31

   Juillet 2018
   01 02 03 04 05
   06 07 08 09 10
   11 12 13 14 15
   16 17 18 19 20
   21 22 23 24 25
   26 27 28 29 30
   31

   Juin 2018
   01 02 03 04 05
   06 07 08 09 10
   11 12 13 14 15
   16 17 18 19 20
   21 22 23 24 25
   26 27 28 29 30

   Mai 2018
   01 02 03 04 05
   06 07 08 09 10
   11 12 13 14 15
   16 17 18 19 20
   21 22 23 24 25
   26 27 28 29 30
   31

   Avril 2018
   01 02 03 04 05
   06 07 08 09 10
   11 12 13 14 15
   16 17 18 19 20
   21 22 23 24 25
   26 27 28 29 30


   Mars 2018
   01 02 03 04 05
   06 07 08 09 10
   11 12 13 14 15
   16 17 18 19 20
   21 22 23 24 25
   26 27 28 29 30
   31

   Février 2018
   01
   02 03 04 05
   06 07 08 09 10
   11 12 13 14 15
   16 17 18 19 20
   21 22 23 24 25
   26 27 28


   Janvier 2018
   01 02 03 04 05
   06 07 08 09 10
   11 12 13 14 15
   16 17 18 19 20
   21 22 23 24 25
   26 27 28 29 30
   31

   Décembre 2017
   01 02 03 04 05
   06 07 08 09 10
   11 12 13 14 15
   16 17 18 19 20
   21 22 23 24 25
   26 27 28 29 30
   31

   Novembre 2017
   01 02 03 04 05
   06 07 08 09 10
   11 12 13 14 15
   16 17 18 19 20
   21 22 23 24 25
   26 27 28 29 30


   Octobre 2017
   01 02 03 04 05
   06 07 08 09 10
   11 12 13 14 15
   16 17 18 19 20
   21 22 23 24 25
   26 27 28 29 30
   31

   Septembre 2017
   01 02 03 04 05
   06 07 08 09 10
   11 12 13 14 15
   16 17 18 19 20
   21 22 23 24 25
   26 27 28 29 30


   Août 2017
   01 02 03 04 05
   06 07 08 09 10
   11 12 13 14 15
   16 17 18 19 20
   21 22 23 24 25
   26 27 28 29 30
   31

   Juillet 2017
   01 02 03 04 05
   06 07 08 09 10
   11 12 13 14 15
   16 17 18 19 20
   21 22 23 24 25
   26 27 28 29 30
   31

   Juin 2017
   01 02 03 04
   05
   06 07 08 09 10
   11 12 13 14 15
   16 17 18 19 20
   21 22 23 24 25
   26 27 28 29 30


   Mai 2017
   01 02 03 04 05
   06 07 08 09 10
   11 12 13 14 15
   16 17 18 19 20
   21 22 23 24 25
   26 27 28 29 30
   31

   Avril 2017
   01 02 03 04 05
   06 07 08 09 10
   11 12 13 14 15
   16 17 18 19 20
   21 22 23 24 25
   26 27 28 29 30


   Mars 2017
   01 02 03 04 05
   06 07 08 09 10
   11 12 13 14 15
   16 17 18 19 20
   21 22 23 24 25
   26 27 28 29 30
   31

   Février 2017
   01
   02 03 04 05
   06 07 08 09 10
   11 12 13 14 15
   16 17 18 19 20
   21 22 23 24 25
   26 27 28


   Janvier 2017
   01 02 03 04 05
   06 07 08
   09 10
   11 12 13 14 15
   16 17 18 19 20
   21 22 23 24 25
   26 27 28 29 30
   31

   Décembre 2016
   01 02 03 04 05
   06 07 08 09 10
   11 12 13 14 15
   16 17 18 19 20
   21 22 23 24 25
   26 27 28 29 30
   31

   Novembre 2016
   01 02 03 04 05
   06 07 08 09 10
   11 12 13 14 15
   16 17 18 19 20
   21 22 23 24 25
   26 27 28 29 30


   Octobre 2016
   01 02 03 04 05
   06 07 08 09 10
   11 12 13 14 15
   16 17 18 19 20
   21 22 23 24 25
   26 27 28 29 30
   31

   Septembre 2016
   01 02 03 04 05
   06 07 08 09 10
   11 12 13 14 15
   16 17 18 19 20
   21 22 23 24 25
   26 27 28 29 30


   Août 2016
   01 02 03 04 05
   06 07 08 09 10
   11 12 13 14 15
   16 17 18 19 20
   21 22 23 24 25
   26 27 28 29 30
   31

   Juillet 2016
   01 02 03 04 05
   06 07 08 09 10
   11 12 13 14 15
   16 17 18 19 20
   21 22 23 24 25
   26 27 28 29 30
   31

   Juin 2016
   01 02 03 04 05
   06 07 08 09 10
   11 12 13 14 15
   16 17 18 19 20
   21 22 23 24 25
   26 27 28 29 30


   Mai 2016
   01 02 03 04 05
   06 07 08 09 10
   11 12 13 14 15
   16 17 18 19 20
   21 22 23 24 25
   26 27 28 29 30
   31

   Avril 2016
   01 02 03 04 05
   06 07 08 09 10
   11 12 13 14 15
   16 17 18 19 20
   21 22 23 24 25
   26 27 28 29 30

Publicité

   ﻿

   © Resultat-pmu.fr 2009 2010 2011 2012 2013 2014 2015 2016 2017 2018
   2019
   | Quinté + 2018 | Pick 5 | Suivre resultatpmu sur Twitter | Google Plus
   | Facebook | Chaine Youtube de Resultat pmu | Le bon coin | Hit-Parade
   | Resultat Football | Quinté + 2017 | Quinté + 2018
   ﻿
     * Accueil
     * Quinté +
     * Pick 5
     * Resultat Pmu
     * Hier
     * Vidéos
     * Infos
     * GNT
     * Trophée Vert

“Resultat PMU de vendredi 13 octobre 2017 ”

Resultat pmu de vendredi 13 octobre 2017

   Resultat pmu des courses hippiques de vendredi 13 octobre 2017

Vendredi 13 Octobre 2017

   CAPTION: RÉUNION 1 - VINCENNES
   Trot Attelé et Monté - Programme [pdf.gif]

                Course              Résultat Pmu
   1ère - Pick 5 [pick5-ico.png]    3-11-8-5-12
   2ème - Quinté + [quinte-ico.png] 2-12-17-8-13
   3ème                             3-9-6-5-4
   4ème                             7-5-1-2-8
   5ème                             5-1-12-6-3
   6ème                             10-1-9-16-4
   7ème                             8-2-7-6-4
   [INS: :INS]

   CAPTION: RÉUNION 2 - AVENCHES (Suisse)
   Trot Attelé

   Course Résultat Pmu
   1ère   1-4-5-6-2
   2ème   4-7-1-6-3
   3ème   8-2-10-7-1
   4ème   1-9-11-3-5
   5ème   8-7-9-5-4
   [INS: :INS]

   CAPTION: RÉUNION 3 - LE MONT-SAINT-MICHEL
   Trot Attelé et Monté - Programme [pdf.gif]

               Course            Résultat Pmu
   1ère                          1-3-5-7-8
   2ème                          16-1-8-7-6
   3ème                          13-11-10-8-3
   4ème                          8-14-7-6-11
   5ème                          3-1-6-15-13
   6ème                          9-13-12-7-10
   7ème                          3-5-8-11-10
   8ème - Pick 5 [pick5-ico.png] 7-6-9-8-11
   9ème                          1-16-3-2-4

   CAPTION: RÉUNION 4 - MAISONS-LAFFITTE
   Plat - Programme [pdf.gif]

               Course                    Résultat Pmu
   1ère                          5-4-7-6-8
   2ème                          1-3-2
   3ème                          6-9-7-8-2
   4ème                          3-9-10-7-6
   5ème - Pick 5 [pick5-ico.png] 3-15-4-2-11 Non partants: 5-17
   6ème - Pick 5 [pick5-ico.png] 2-4-3-8-10
   7ème                          1-6-7-2-10
   8ème                          6-2-7-4-1

   CAPTION: RÉUNION 5 - MARSEILLE VIVAUX
   Plat - Programme [pdf.gif]

   Course Résultat Pmu
   1ère   2-14-1-3-11
   2ème   7-2-6-11-3
   3ème   5-7-10-11-14
   4ème   4-5-10-2-7
   5ème   6-3-4-1-7
   6ème   4-8-2-10-7
   7ème   1-7-8-10-5

   CAPTION: RÉUNION 6 - SON PARDO (Espagne)
   Trot Attelé

   Course Résultat Pmu
   2ème   5-6-2-10-9
   3ème   2-3-11-4-10
   4ème   2-11-7-8-4
   5ème   10-6-5-8-9
   6ème   2-10-11-5-7
   7ème   7-4-11-3-16
   8ème   1-6-3-2-5
   9ème   1-6-3-2-5

   CAPTION: RÉUNION 7 - NEWMARKET (Grande-Bretagne)
   Plat

   Course Résultat Pmu
   3ème   7-2-1-11-4
   4ème   4-12-7-6-2

   CAPTION: RÉUNION 8 - TOULOUSE LA-CÉPIÈRE
   Trot Attelé - Programme [pdf.gif]

   Course Résultat Pmu
   4ème   5-11-7-6-1

                                 Calendrier

   Août 2019
   01 02 03 04 05
   06 07 08 09 10
   11 12 13 14 15
   16 17 18 19 20
   21 22 23 24 25
   26 27 28 29 30
   31

   Juillet 2019
   01 02 03 04 05
   06 07 08 09 10
   11 12 13 14 15
   16 17 18 19 20
   21 22 23 24 25
   26 27 28 29 30
   31

   Juin 2019
   01 02 03 04 05
   06 07 08 09 10
   11 12 13 14 15
   16 17 18 19 20
   21 22 23 24 25
   26 27 28 29 30


   Mai 2019
   01 02 03 04 05
   06 07 08 09 10
   11 12 13 14 15
   16 17 18 19 20
   21 22 23 24 25
   26 27 28 29 30
   31

   Avril 2019
   01 02 03 04 05
   06 07 08 09 10
   11 12 13 14 15
   16 17 18 19 20
   21 22 23 24 25
   26 27 28 29 30


   Mars 2019
   01 02 03 04 05
   06 07 08 09 10
   11 12 13 14 15
   16 17 18 19 20
   21 22 23 24 25
   26 27 28 29 30
   31

   Février 2019
   01 02 03 04 05
   06 07 08 09 10
   11 12 13 14 15
   16 17 18 19 20
   21 22 23 24 25
   26 27 28


   Janvier 2019
   01 02 03 04 05
   06 07 08 09 10
   11 12 13 14 15
   16 17 18 19 20
   21 22 23 24 25
   26 27 28 29 30
   31

   Décembre 2018
   01 02 03 04 05
   06 07 08 09 10
   11 12 13 14 15
   16 17 18 19 20
   21 22 23 24 25
   26 27 28 29 30
   31

   Novembre 2018
   01 02 03 04 05
   06 07 08 09 10
   11 12 13 14 15
   16 17 18 19 20
   21 22 23 24 25
   26 27 28 29 30


   Octobre 2018
   01 02 03 04 05
   06 07 08 09 10
   11 12 13 14 15
   16 17 18 19 20
   21 22 23 24 25
   26 27 28 29 30
   31

   Septembre 2018
   01 02 03 04 05
   06 07 08 09 10
   11 12 13 14 15
   16 17 18 19 20
   21 22 23 24 25
   26 27 28 29 30


   Août 2018
   01 02 03 04 05
   06 07 08 09 10
   11 12 13 14 15
   16 17 18 19 20
   21 22 23 24 25
   26 27 28 29 30
   31

   Juillet 2018
   01 02 03 04 05
   06 07 08 09 10
   11 12 13 14 15
   16 17 18 19 20
   21 22 23 24 25
   26 27 28 29 30
   31

   Juin 2018
   01 02 03 04 05
   06 07 08 09 10
   11 12 13 14 15
   16 17 18 19 20
   21 22 23 24 25
   26 27 28 29 30

   Mai 2018
   01 02 03 04 05
   06 07 08 09 10
   11 12 13 14 15
   16 17 18 19 20
   21 22 23 24 25
   26 27 28 29 30
   31

   Avril 2018
   01 02 03 04 05
   06 07 08 09 10
   11 12 13 14 15
   16 17 18 19 20
   21 22 23 24 25
   26 27 28 29 30


   Mars 2018
   01 02 03 04 05
   06 07 08 09 10
   11 12 13 14 15
   16 17 18 19 20
   21 22 23 24 25
   26 27 28 29 30
   31

   Février 2018
   01
   02 03 04 05
   06 07 08 09 10
   11 12 13 14 15
   16 17 18 19 20
   21 22 23 24 25
   26 27 28


   Janvier 2018
   01 02 03 04 05
   06 07 08 09 10
   11 12 13 14 15
   16 17 18 19 20
   21 22 23 24 25
   26 27 28 29 30
   31

   Décembre 2017
   01 02 03 04 05
   06 07 08 09 10
   11 12 13 14 15
   16 17 18 19 20
   21 22 23 24 25
   26 27 28 29 30
   31

   Novembre 2017
   01 02 03 04 05
   06 07 08 09 10
   11 12 13 14 15
   16 17 18 19 20
   21 22 23 24 25
   26 27 28 29 30


   Octobre 2017
   01 02 03 04 05
   06 07 08 09 10
   11 12 13 14 15
   16 17 18 19 20
   21 22 23 24 25
   26 27 28 29 30
   31

   Septembre 2017
   01 02 03 04 05
   06 07 08 09 10
   11 12 13 14 15
   16 17 18 19 20
   21 22 23 24 25
   26 27 28 29 30


   Août 2017
   01 02 03 04 05
   06 07 08 09 10
   11 12 13 14 15
   16 17 18 19 20
   21 22 23 24 25
   26 27 28 29 30
   31

   Juillet 2017
   01 02 03 04 05
   06 07 08 09 10
   11 12 13 14 15
   16 17 18 19 20
   21 22 23 24 25
   26 27 28 29 30
   31

   Juin 2017
   01 02 03 04
   05
   06 07 08 09 10
   11 12 13 14 15
   16 17 18 19 20
   21 22 23 24 25
   26 27 28 29 30


   Mai 2017
   01 02 03 04 05
   06 07 08 09 10
   11 12 13 14 15
   16 17 18 19 20
   21 22 23 24 25
   26 27 28 29 30
   31

   Avril 2017
   01 02 03 04 05
   06 07 08 09 10
   11 12 13 14 15
   16 17 18 19 20
   21 22 23 24 25
   26 27 28 29 30


   Mars 2017
   01 02 03 04 05
   06 07 08 09 10
   11 12 13 14 15
   16 17 18 19 20
   21 22 23 24 25
   26 27 28 29 30
   31

   Février 2017
   01
   02 03 04 05
   06 07 08 09 10
   11 12 13 14 15
   16 17 18 19 20
   21 22 23 24 25
   26 27 28


   Janvier 2017
   01 02 03 04 05
   06 07 08
   09 10
   11 12 13 14 15
   16 17 18 19 20
   21 22 23 24 25
   26 27 28 29 30
   31

   Décembre 2016
   01 02 03 04 05
   06 07 08 09 10
   11 12 13 14 15
   16 17 18 19 20
   21 22 23 24 25
   26 27 28 29 30
   31

   Novembre 2016
   01 02 03 04 05
   06 07 08 09 10
   11 12 13 14 15
   16 17 18 19 20
   21 22 23 24 25
   26 27 28 29 30


   Octobre 2016
   01 02 03 04 05
   06 07 08 09 10
   11 12 13 14 15
   16 17 18 19 20
   21 22 23 24 25
   26 27 28 29 30
   31

   Septembre 2016
   01 02 03 04 05
   06 07 08 09 10
   11 12 13 14 15
   16 17 18 19 20
   21 22 23 24 25
   26 27 28 29 30


   Août 2016
   01 02 03 04 05
   06 07 08 09 10
   11 12 13 14 15
   16 17 18 19 20
   21 22 23 24 25
   26 27 28 29 30
   31

   Juillet 2016
   01 02 03 04 05
   06 07 08 09 10
   11 12 13 14 15
   16 17 18 19 20
   21 22 23 24 25
   26 27 28 29 30
   31

   Juin 2016
   01 02 03 04 05
   06 07 08 09 10
   11 12 13 14 15
   16 17 18 19 20
   21 22 23 24 25
   26 27 28 29 30


   Mai 2016
   01 02 03 04 05
   06 07 08 09 10
   11 12 13 14 15
   16 17 18 19 20
   21 22 23 24 25
   26 27 28 29 30
   31

   Avril 2016
   01 02 03 04 05
   06 07 08 09 10
   11 12 13 14 15
   16 17 18 19 20
   21 22 23 24 25
   26 27 28 29 30

Publicité

   ﻿

   © Resultat-pmu.fr 2009 2010 2011 2012 2013 2014 2015 2016 2017 2018
   2019
   | Quinté + 2018 | Pick 5 | Suivre resultatpmu sur Twitter | Google Plus
   | Facebook | Chaine Youtube de Resultat pmu | Le bon coin | Hit-Parade
   | Resultat Football | Quinté + 2017 | Quinté + 2018
   ﻿
     * Accueil
     * Quinté +
     * Pick 5
     * Resultat Pmu
     * Hier
     * Vidéos
     * Infos
     * GNT
     * Trophée Vert

“Resultat PMU de samedi 14 octobre 2017 ”

Resultat pmu de samedi 14 octobre 2017

   Resultat pmu des courses hippiques de samedi 14 octobre 2017

Samedi 14 Octobre 2017

   CAPTION: RÉUNION 1 - AUTEUIL
   Obstacle (Haies et Steeple-Chase) - Programme [pdf.gif]

                Course              Résultat Pmu
   1ère                             4-9-1-3-2
   2ème                             1-2-4-7-3
   3ème - Quinté + [quinte-ico.png] 10-3-1-12-11
   4ème                             6-1-3-4-2
   5ème - Pick 5 [pick5-ico.png]    8-3-6-7-9
   6ème                             11-1-15-8-4
   7ème - Pick 5 [pick5-ico.png]    17-1-4-2-9
   8ème                             3-10-7-6-9
   [INS: :INS]

   CAPTION: RÉUNION 2 - BERLIN HOPPEGARTEN (Allemagne)
   Plat

   Course Résultat Pmu
   1ère   2-1-8-4-3
   2ème   9-5-8-10-2
   3ème   7-8-6-10-3
   4ème   11-10-2-9-5
   5ème   2-1-3-5-6
   [INS: :INS]

   CAPTION: RÉUNION 3 - MARSEILLE BORÉLY
   Plat et Obstacle (Haies) - Programme [pdf.gif]

   Course Résultat Pmu
   1ère   4-5-1-3-2
   2ème   5-1-8-6-3
   3ème   1-3-2-4-5
   4ème   4-3-1-2-5
   5ème   6-4-1-3-5
   6ème   6-1-2-5-4
   7ème   4-3-7-2-5
   8ème   1-5-7-2-4
   9ème   5-9-2-11-10

   CAPTION: RÉUNION 4 - PORNICHET
   Plat - Programme [pdf.gif]

               Course            Résultat Pmu
   1ère - Pick 5 [pick5-ico.png] 12-8-4-11-7
   2ème                          5-4-13-11-6
   3ème                          7-6-9-13-5
   4ème                          4-5-2-12-9
   5ème                          11-6-1-5-14
   6ème                          3-1-4-7-5
   7ème                          4-2-6-1-7
   8ème                          5-4-1-2-7

   CAPTION: RÉUNION 5 - CABOURG
   Trot Attelé et Monté - Programme [pdf.gif]

               Course            Résultat Pmu
   1ère - Pick 5 [pick5-ico.png] 5-10-4-3-13
   2ème                          7-3-4-10-1
   3ème                          7-14-13-8-2
   4ème                          8-13-16-7-9
   5ème                          9-2-6-3-8
   6ème                          12-2-5-9-3
   7ème                          4-1-5-6-3
   8ème                          8-6-13-10-12

   CAPTION: RÉUNION 6 - NEW-YORK YONKERS (États-Unis d'Amérique)
   Trot Attelé

   Course Résultat Pmu
   8ère   3-4-6-9
   9ème
   THE YONKERS INTERNATIONAL TROT 2017
   4-1-2-9-10
   10ème  5-6-8-1
   11ème  3-2-1-6

   CAPTION: RÉUNION 7 - RANDWICK (Australie)
   Plat

   Course Résultat Pmu
   8ère   3-2-8-1-12
   9ème   5-1-6-4-7
   10ème  9-4-5-3-7

   CAPTION: RÉUNION 8 - NEWMARKET (Grande-Bretagne)
   Plat

   Course Résultat Pmu
   3ème   9-5-6-8-1

   CAPTION: RÉUNION 9 - CHAMP DE MARS (Ile Maurice)
   Plat

   Course Résultat Pmu
   1ère   2-7-1-9-6
   2ème   9-7-3-6-1
   3ème   5-3-7-1-6
   4ème   1-2-3-7-5
   5ème   4-1-2-5-3
   6ème   3-2-5-1-4
   7ème   3-1-8-2-4
   8ème   6-3-10-1-5

   CAPTION: RÉUNION 9 - PARAY-LE-MONIAL
   Trot Attelé - Programme [pdf.gif]

   Course Résultat Pmu
   6ème   2-12-16-13-3

                                 Calendrier

   Août 2019
   01 02 03 04 05
   06 07 08 09 10
   11 12 13 14 15
   16 17 18 19 20
   21 22 23 24 25
   26 27 28 29 30
   31

   Juillet 2019
   01 02 03 04 05
   06 07 08 09 10
   11 12 13 14 15
   16 17 18 19 20
   21 22 23 24 25
   26 27 28 29 30
   31

   Juin 2019
   01 02 03 04 05
   06 07 08 09 10
   11 12 13 14 15
   16 17 18 19 20
   21 22 23 24 25
   26 27 28 29 30


   Mai 2019
   01 02 03 04 05
   06 07 08 09 10
   11 12 13 14 15
   16 17 18 19 20
   21 22 23 24 25
   26 27 28 29 30
   31

   Avril 2019
   01 02 03 04 05
   06 07 08 09 10
   11 12 13 14 15
   16 17 18 19 20
   21 22 23 24 25
   26 27 28 29 30


   Mars 2019
   01 02 03 04 05
   06 07 08 09 10
   11 12 13 14 15
   16 17 18 19 20
   21 22 23 24 25
   26 27 28 29 30
   31

   Février 2019
   01 02 03 04 05
   06 07 08 09 10
   11 12 13 14 15
   16 17 18 19 20
   21 22 23 24 25
   26 27 28


   Janvier 2019
   01 02 03 04 05
   06 07 08 09 10
   11 12 13 14 15
   16 17 18 19 20
   21 22 23 24 25
   26 27 28 29 30
   31

   Décembre 2018
   01 02 03 04 05
   06 07 08 09 10
   11 12 13 14 15
   16 17 18 19 20
   21 22 23 24 25
   26 27 28 29 30
   31

   Novembre 2018
   01 02 03 04 05
   06 07 08 09 10
   11 12 13 14 15
   16 17 18 19 20
   21 22 23 24 25
   26 27 28 29 30


   Octobre 2018
   01 02 03 04 05
   06 07 08 09 10
   11 12 13 14 15
   16 17 18 19 20
   21 22 23 24 25
   26 27 28 29 30
   31

   Septembre 2018
   01 02 03 04 05
   06 07 08 09 10
   11 12 13 14 15
   16 17 18 19 20
   21 22 23 24 25
   26 27 28 29 30


   Août 2018
   01 02 03 04 05
   06 07 08 09 10
   11 12 13 14 15
   16 17 18 19 20
   21 22 23 24 25
   26 27 28 29 30
   31

   Juillet 2018
   01 02 03 04 05
   06 07 08 09 10
   11 12 13 14 15
   16 17 18 19 20
   21 22 23 24 25
   26 27 28 29 30
   31

   Juin 2018
   01 02 03 04 05
   06 07 08 09 10
   11 12 13 14 15
   16 17 18 19 20
   21 22 23 24 25
   26 27 28 29 30

   Mai 2018
   01 02 03 04 05
   06 07 08 09 10
   11 12 13 14 15
   16 17 18 19 20
   21 22 23 24 25
   26 27 28 29 30
   31

   Avril 2018
   01 02 03 04 05
   06 07 08 09 10
   11 12 13 14 15
   16 17 18 19 20
   21 22 23 24 25
   26 27 28 29 30


   Mars 2018
   01 02 03 04 05
   06 07 08 09 10
   11 12 13 14 15
   16 17 18 19 20
   21 22 23 24 25
   26 27 28 29 30
   31

   Février 2018
   01
   02 03 04 05
   06 07 08 09 10
   11 12 13 14 15
   16 17 18 19 20
   21 22 23 24 25
   26 27 28


   Janvier 2018
   01 02 03 04 05
   06 07 08 09 10
   11 12 13 14 15
   16 17 18 19 20
   21 22 23 24 25
   26 27 28 29 30
   31

   Décembre 2017
   01 02 03 04 05
   06 07 08 09 10
   11 12 13 14 15
   16 17 18 19 20
   21 22 23 24 25
   26 27 28 29 30
   31

   Novembre 2017
   01 02 03 04 05
   06 07 08 09 10
   11 12 13 14 15
   16 17 18 19 20
   21 22 23 24 25
   26 27 28 29 30


   Octobre 2017
   01 02 03 04 05
   06 07 08 09 10
   11 12 13 14 15
   16 17 18 19 20
   21 22 23 24 25
   26 27 28 29 30
   31

   Septembre 2017
   01 02 03 04 05
   06 07 08 09 10
   11 12 13 14 15
   16 17 18 19 20
   21 22 23 24 25
   26 27 28 29 30


   Août 2017
   01 02 03 04 05
   06 07 08 09 10
   11 12 13 14 15
   16 17 18 19 20
   21 22 23 24 25
   26 27 28 29 30
   31

   Juillet 2017
   01 02 03 04 05
   06 07 08 09 10
   11 12 13 14 15
   16 17 18 19 20
   21 22 23 24 25
   26 27 28 29 30
   31

   Juin 2017
   01 02 03 04
   05
   06 07 08 09 10
   11 12 13 14 15
   16 17 18 19 20
   21 22 23 24 25
   26 27 28 29 30


   Mai 2017
   01 02 03 04 05
   06 07 08 09 10
   11 12 13 14 15
   16 17 18 19 20
   21 22 23 24 25
   26 27 28 29 30
   31

   Avril 2017
   01 02 03 04 05
   06 07 08 09 10
   11 12 13 14 15
   16 17 18 19 20
   21 22 23 24 25
   26 27 28 29 30


   Mars 2017
   01 02 03 04 05
   06 07 08 09 10
   11 12 13 14 15
   16 17 18 19 20
   21 22 23 24 25
   26 27 28 29 30
   31

   Février 2017
   01
   02 03 04 05
   06 07 08 09 10
   11 12 13 14 15
   16 17 18 19 20
   21 22 23 24 25
   26 27 28


   Janvier 2017
   01 02 03 04 05
   06 07 08
   09 10
   11 12 13 14 15
   16 17 18 19 20
   21 22 23 24 25
   26 27 28 29 30
   31

   Décembre 2016
   01 02 03 04 05
   06 07 08 09 10
   11 12 13 14 15
   16 17 18 19 20
   21 22 23 24 25
   26 27 28 29 30
   31

   Novembre 2016
   01 02 03 04 05
   06 07 08 09 10
   11 12 13 14 15
   16 17 18 19 20
   21 22 23 24 25
   26 27 28 29 30


   Octobre 2016
   01 02 03 04 05
   06 07 08 09 10
   11 12 13 14 15
   16 17 18 19 20
   21 22 23 24 25
   26 27 28 29 30
   31

   Septembre 2016
   01 02 03 04 05
   06 07 08 09 10
   11 12 13 14 15
   16 17 18 19 20
   21 22 23 24 25
   26 27 28 29 30


   Août 2016
   01 02 03 04 05
   06 07 08 09 10
   11 12 13 14 15
   16 17 18 19 20
   21 22 23 24 25
   26 27 28 29 30
   31

   Juillet 2016
   01 02 03 04 05
   06 07 08 09 10
   11 12 13 14 15
   16 17 18 19 20
   21 22 23 24 25
   26 27 28 29 30
   31

   Juin 2016
   01 02 03 04 05
   06 07 08 09 10
   11 12 13 14 15
   16 17 18 19 20
   21 22 23 24 25
   26 27 28 29 30


   Mai 2016
   01 02 03 04 05
   06 07 08 09 10
   11 12 13 14 15
   16 17 18 19 20
   21 22 23 24 25
   26 27 28 29 30
   31

   Avril 2016
   01 02 03 04 05
   06 07 08 09 10
   11 12 13 14 15
   16 17 18 19 20
   21 22 23 24 25
   26 27 28 29 30

Publicité

   ﻿

   © Resultat-pmu.fr 2009 2010 2011 2012 2013 2014 2015 2016 2017 2018
   2019
   | Quinté + 2018 | Pick 5 | Suivre resultatpmu sur Twitter | Google Plus
   | Facebook | Chaine Youtube de Resultat pmu | Le bon coin | Hit-Parade
   | Resultat Football | Quinté + 2017 | Quinté + 2018
